4294967279,128
4294967279,127
4294967279,126
4294967279,125
4294967279,124
4294967279,123
4294967279,122
4294967279,121
4294967279,120
4294967279,119
4294967279,118
4294967279,117
4294967279,116
4294967279,115
4294967279,114
4294967278,44
4294967278,40
4294967278,39
4294967278,38
4294967278,37
4294967278,35
4294967278,33
4294967278,32
4294967278,31
4294967278,30
4294967278,29
4294967278,28
4294967278,27
4294967278,26
4294967278,25
4294967278,24
4294967278,23
4294967278,22
4294967278,21
4294967278,20
4294967278,19
4294967278,18
4294967278,17
4294967278,16
4294967278,15
4294967278,14
4294967278,13
4294967278,12
4294967278,11
4294967278,10
4294967278,9
4294967278,8
4294967278,7
4294967278,6
4294967278,5
4294967278,4
4294967279,132
4294967279,131
4294967279,130
4294967279,129
4294967278,351
4294967278,322
4294967294,437
4294967278,199
4294967278,198
4294967279,196
4294967279,195
4294967279,194
4294967278,193
4294967279,193
4294967278,192
4294967278,191
4294967279,191
4294967278,188
4294967278,190
104,5
104,4
4294967278,189
104,3
104,2
104,1
4294967279,189
4294967279,187
4294967279,186
4294967279,307
4294967294,179
4294967294,168
4294967294,453
4294967294,180
4294967294,119
4294967279,185
4294967294,483
4294967279,182
4294967278,183
4294967278,282
4294967279,305
4294967279,321
4294967278,182
102,5
4294967279,181
102,4
102,3
102,2
102,1
4294967279,179
4294967294,482
4294967278,178
4294967279,178
4294967278,177
4294967279,177
4294967278,176
101,4
101,3
101,2
101,1
4294967279,175
4294967278,173
4294967279,171
4294967278,172
4294967279,301
4294967279,300
4294967278,171
100,6
4294967278,168
4294967279,569
4294967278,342
4294967279,169
100,5
4294967278,167
4294967279,167
4294967278,166
100,4
4294967279,166
100,3
100,2
100,1
4294967278,303
4294967278,165
4294967278,164
4294967278,294
4294967278,336
4294967278,346
4294967278,383
4294967278,293
4294967278,362
4294967278,292
4294967278,291
4294967278,361
4294967279,295
4294967278,163
4294967278,301
4294967279,293
4294967279,292
4294967278,161
99,5
4294967279,528
4294967278,324
4294967279,159
99,4
4294967278,158
99,3
99,2
99,1
4294967279,158
4294967294,481
4294967278,157
4294967278,42
4294967278,154
4294967279,291
4294967278,43
4294967278,339
4294967278,338
4294967279,154
98,5
4294967278,41
4294967278,369
4294967279,525
4294967278,152
98,4
4294967279,151
98,3
98,2
98,1
4294967279,290
4294967278,151
4294967279,150
4294967279,550
4294967278,34
4294967294,1012
4294967294,1094
4294967294,1007
4294967294,997
4294967294,1092
4294967294,176
4294967279,320
4294967278,36
4294967279,147
97,4
97,3
97,2
97,1
4294967279,146
4294967279,549
4294967279,565
4294967279,524
4294967279,564
4294967279,548
4294967279,567
4294967279,523
4294967278,263
4294967278,60
4294967278,59
4294967278,58
4294967278,57
4294967278,56
4294967278,55
4294967278,54
4294967278,53
4294967278,52
4294967278,51
4294967278,50
4294967278,49
4294967278,48
4294967278,47
4294967278,46
4294967278,45
4294967278,260
4294967279,537
4294967279,312
4294967279,83
4294967279,552
4294967279,81
4294967279,80
4294967279,78
4294967279,77
4294967279,76
4294967279,75
4294967279,74
4294967279,73
4294967279,72
4294967279,70
4294967279,68
4294967279,66
4294967279,63
4294967279,61
4294967279,60
4294967279,58
4294967279,57
4294967279,55
4294967279,52
4294967279,51
4294967279,50
4294967279,49
4294967279,48
4294967279,46
4294967279,43
4294967279,42
4294967279,40
4294967279,38
4294967279,37
4294967279,35
4294967279,34
4294967279,33
4294967279,32
4294967279,31
4294967279,27
4294967279,24
4294967279,23
4294967279,17
4294967279,15
4294967279,13
4294967279,12
4294967279,9
4294967279,26
4294967279,137
4294967279,25
4294967279,286
4294967279,135
4294967279,134
4294967279,284
4294967279,268
4294967279,20
4294967279,283
4294967294,480
4294967294,1101
4294967294,1095
4294967279,18
4294967279,266
4294967279,282
4294967279,277
4294967279,278
4294967279,265
96,6
96,5
4294967279,264
96,4
96,2
96,1
4294967279,263
4294967279,10
4294967279,275
4294967279,258
4294967279,257
4294967278,318
4294967279,256
4294967279,254
4294967278,257
4294967279,253
4294967278,258
4294967278,331
4294967278,377
4294967278,329
4294967278,328
4294967294,479
4294967294,396
4294967294,409
4294967294,178
4294967294,1005
4294967294,406
4294967294,384
4294967294,160
4294967278,381
4294967278,356
4294967278,307
4294967278,354
93,5
4294967278,325
93,4
4294967278,253
93,3
93,2
93,1
4294967278,251
4294967278,250
4294967278,248
4294967278,246
92,4
92,3
92,2
92,1
4294967278,244
4294967278,242
4294967294,389
4294967278,240
4294967278,241
4294967278,238
91,6
4294967278,234
4294967278,380
4294967278,235
91,5
